[11572] 2,packet=IR;
[11572] 2,packet=NR;0;1;10;0;0;71404102000;0;0;;0;;; // first start player start time
[11572] 2,packet=NR;1;1;1;0;0;71518006000;0;0;;0;;;  // first end player end time
[11572] 2,packet=ER;
[11572] 2,packet=START_I
[11572] 2,packet=TI0;1;1;101000(1:41 course time);0;0;1099000(18:19 passing time);0;1084000(18:4);0;
[11572] 2,packet=TI0;2;1;108000(1:48s course tim);0;0;1092000(18:12 passing time);0;1077000;0;
[11572] 2,packet=TI0;3;0;0;0;0;0;0;0;0;
[11572] 2,packet=TI0;4;0;0;0;0;0;0;0;0;
[11572] 2,packet=TI0;10;0;0;0;0;0;0;0;0;
[11572] 2,packet=END_I
[11572] 2,packet=S;0;1;5;6;7;8;9;11;12;13;14;15;16;17;18;19;20;21;22;23;24;25;27;28;29;31;32;33;34;35;36;37;38;39;40;41;42;43;44;45;47;48;49;50;51;52;53;54;55;56;57;
[11572] 2,packet=S;1;1;4;10;3;
[11572] 2,packet=S;2;1;
[11572] 2,packet=S;3;1;
[11572] 2,packet=S;4;1;
[11572] 2,packet=S;5;1;
[11572] 2,packet=S;6;1;
[11572] 2,packet=S;7;1;
[11572] 2,packet=S;8;1; 
[11572] 2,packet=S;9;1;
[11572] 2,packet=S;10;1;
[11572] 2,packet=R;4;71441167(19:50:41 start time);10;71404102;3;71431919;
[11572] 2,packet=F;2;71534622(19:52:14 finish time);1;71518006;

[14272] 2,packet=RUNC;10;1;0;71404102;0;37134800;0;37134800;0;-1;0;0;

